Ringed = [889 1040 1457 2269 1777 1934 1046 1340 722 836 708]';
Mobs = [117 10 11 9 2 4 6 2 1 4 4 0
    0 120 13 18 8 7 3 4 5 8 5 1
    0 0 160 16 13 6 3 9 4 7 5 0
    0 0 0 267 16 10 17 11 6 6 12 1
    0 0 0 0 188 13 17 12 10 4 9 0
    0 0 0 0 0 238 18 12 5 4 13 0
    0 0 0 0 0 0 104 4 6 9 5 0
    0 0 0 0 0 0 0 133 7 4 7 1
    0 0 0 0 0 0 0 0 66 2 7 1
    0 0 0 0 0 0 0 0 0 57 9 1
    0 0 0 0 0 0 0 0 0 0 42 0];
    
Census = [2791	3676	4892	6088	7565	9147	11412	12447	15888	19156	21916]';