Ringed=[1000;1000;1000;1000;];
Mobs=[35 7 0 1
    0 23 11 3
    0 0 45 13
    0 0 0 33];
Census=[500;700;800;600;900];