%number ringed, yrs 1975-1985
Ringed = [450 589 464 237 434 648 740 1014 777 1100 814]';

%number recovered
Mobs = [ 29  7  3  0  1  0  0  1  1  0  1
       0 50  7  4  1  1  0  1  1  0  0
       0  0 32 13  4  2  1  1  0  0  0
       0  0  0 20  4  0  2  2  0  0  0
       0  0  0  0 32 13 12  0  3  4  0
       0  0  0  0  0 35 13  7  0  2  1
       0  0  0  0  0  0 43  5  6  1  0
       0  0  0  0  0  0  0 41 12  3  4
       0  0  0  0  0  0  0  0 31  7  7
       0  0  0  0  0  0  0  0  0 63 21
       0  0  0  0  0  0  0  0  0  0 49  ];

%number censused, yrs 1975-1990
Census = [5100 5075 5125 5375 5200 5575 5675 5350 5425 5700 5775 5109 5166 5637 5898 6143]';


% covariates (optional)
%
%         Dec    Jan    Feb    Mar     Year of ringing = year of Dec Temp)
%         ^^^    ^^^    ^^^    ^^^     ^^^^
 Temp = [ 8.1    6.8    4.4    4.8    %1974
          5.3    5.9    4.5    4.8
          2.0    2.8    5.2    6.9
          6.1    3.4    2.8    6.7
          3.9   -0.4    1.2    4.7
          5.8    2.3    5.7    4.7
          5.6    4.9    3.0    7.9    %1980
          0.3    2.6    4.8    6.1
          4.4    6.7    1.7    6.4
          5.6    3.8    3.3    4.7
          5.2    0.8    2.1    4.7
          6.3    3.5   -1.1    4.9    %1985
          6.2    0.8    3.6    4.1
          5.6    5.3    4.9    6.4
          7.5    6.1    5.9    7.5
          4.9    6.5    7.3    8.3 ]; %1989

%ring-recovery covariates
Decrr = Temp(2:12,1); Janrr = Temp(2:12,2); Febrr = Temp(2:12,3); Marrr = Temp(2:12,4);

%census covariates
Decc = Temp(:,1); Janc = Temp(:,2); Febc = Temp(:,3); Marc = Temp(:,4);


