%number ringed, yrs 1990-1997
Ringed = [4170;4314;3480;3689;3922;3591;4488;4339]; 

%number recovered
Mobs = [ 12  3  3  2  1  0  2  0
       0  9  4  6  1  0  1  0
       0  0 18  3  1  2  0  1
       0  0  0  6  5  2  2  1
       0  0  0  0 12  4  6  0
       0  0  0  0  0  7  5  1
       0  0  0  0  0  0  7  0
       0  0  0  0  0  0  0  5 ];

%covariate, yrs 1990-1997
fdays = [12;12;9;6;3;18;10;0];

year=linspace(0,1,8)';
